9.999417378456837424e-01 1.079448535845708469e-02 0.000000000000000000e+00 -8.000984000000000762e+00 -1.079448535845708469e-02 9.999417378456837424e-01 0.000000000000000000e+00 4.999716799999999850e+00 0.000000000000000000e+00 0.000000000000000000e+00 1.000000000000000000e+00 0.000000000000000000e+00
9.995424461700376240e-01 3.024728590167285666e-02 0.000000000000000000e+00 -8.045683000000000362e+00 -3.024728590167285666e-02 9.995424461700376240e-01 0.000000000000000000e+00 4.597175599999999918e+00 0.000000000000000000e+00 0.000000000000000000e+00 1.000000000000000000e+00 0.000000000000000000e+00
9.995200860979713831e-01 3.097737055826110114e-02 0.000000000000000000e+00 -8.099135999999999669e+00 -3.097737055826110114e-02 9.995200860979713831e-01 0.000000000000000000e+00 4.194800400000000096e+00 0.000000000000000000e+00 0.000000000000000000e+00 1.000000000000000000e+00 0.000000000000000000e+00
9.998932482200798555e-01 -1.461137104784212756e-02 0.000000000000000000e+00 -8.080527000000000015e+00 1.461137104784212756e-02 9.998932482200798555e-01 0.000000000000000000e+00 3.846945799999999860e+00 0.000000000000000000e+00 0.000000000000000000e+00 1.000000000000000000e+00 0.000000000000000000e+00
9.989499734576909873e-01 -4.581430484988783386e-02 0.000000000000000000e+00 -8.041399999999999437e+00 4.581430484988783386e-02 9.989499734576909873e-01 0.000000000000000000e+00 3.498869399999999796e+00 0.000000000000000000e+00 0.000000000000000000e+00 1.000000000000000000e+00 0.000000000000000000e+00
9.936399344777944176e-01 -1.126040878963303210e-01 0.000000000000000000e+00 -8.054202999999999335e+00 1.126040878963303210e-01 9.936399344777944176e-01 0.000000000000000000e+00 3.004903600000000008e+00 0.000000000000000000e+00 0.000000000000000000e+00 1.000000000000000000e+00 0.000000000000000000e+00
9.999780215575790887e-01 -6.629962427490491451e-03 0.000000000000000000e+00 -7.874079000000000050e+00 6.629962427490491451e-03 9.999780215575790887e-01 0.000000000000000000e+00 2.485929300000000008e+00 0.000000000000000000e+00 0.000000000000000000e+00 1.000000000000000000e+00 0.000000000000000000e+00
9.986785007687976057e-01 5.139311337316281730e-02 0.000000000000000000e+00 -7.849612999999999730e+00 -5.139311337316281730e-02 9.986785007687976057e-01 0.000000000000000000e+00 2.002835999999999839e+00 0.000000000000000000e+00 0.000000000000000000e+00 1.000000000000000000e+00 0.000000000000000000e+00
9.995284663401275971e-01 -3.070578081978015197e-02 0.000000000000000000e+00 -7.824468600000000329e+00 3.070578081978015197e-02 9.995284663401275971e-01 0.000000000000000000e+00 1.573598599999999958e+00 0.000000000000000000e+00 0.000000000000000000e+00 1.000000000000000000e+00 0.000000000000000000e+00
9.976679817752007740e-01 -6.825392399413843236e-02 0.000000000000000000e+00 -7.849587999999999788e+00 6.825392399413843236e-02 9.976679817752007740e-01 0.000000000000000000e+00 1.072343199999999941e+00 0.000000000000000000e+00 0.000000000000000000e+00 1.000000000000000000e+00 0.000000000000000000e+00
9.980238567956426499e-01 -6.283614617996956253e-02 0.000000000000000000e+00 -7.720698999999999756e+00 6.283614617996956253e-02 9.980238567956426499e-01 0.000000000000000000e+00 6.244513999999999898e-01 0.000000000000000000e+00 0.000000000000000000e+00 1.000000000000000000e+00 0.000000000000000000e+00
9.931301623239724430e-01 1.170148737655185150e-01 0.000000000000000000e+00 -7.772007999999999583e+00 -1.170148737655185150e-01 9.931301623239724430e-01 0.000000000000000000e+00 2.279286199999999984e-01 0.000000000000000000e+00 0.000000000000000000e+00 1.000000000000000000e+00 0.000000000000000000e+00
9.930968306969492065e-01 1.172974205158625743e-01 0.000000000000000000e+00 -7.742593000000000281e+00 -1.172974205158625743e-01 9.930968306969492065e-01 0.000000000000000000e+00 -2.050306199999999968e-01 0.000000000000000000e+00 0.000000000000000000e+00 1.000000000000000000e+00 0.000000000000000000e+00
9.956861009977413524e-01 9.278571161507324916e-02 0.000000000000000000e+00 -7.973088699999999918e+00 -9.278571161507324916e-02 9.956861009977413524e-01 0.000000000000000000e+00 -7.425841699999999879e-01 0.000000000000000000e+00 0.000000000000000000e+00 1.000000000000000000e+00 0.000000000000000000e+00
9.977384747000491716e-01 -6.721559419672920588e-02 0.000000000000000000e+00 -7.866237599999999830e+00 6.721559419672920588e-02 9.977384747000491716e-01 0.000000000000000000e+00 -1.068167300000000042e+00 0.000000000000000000e+00 0.000000000000000000e+00 1.000000000000000000e+00 0.000000000000000000e+00
9.979904521197981992e-01 -6.336448119980693516e-02 0.000000000000000000e+00 -7.870981999999999701e+00 6.336448119980693516e-02 9.979904521197981992e-01 0.000000000000000000e+00 -1.574558700000000089e+00 0.000000000000000000e+00 0.000000000000000000e+00 1.000000000000000000e+00 0.000000000000000000e+00
9.836829197730612151e-01 -1.799108483297912620e-01 0.000000000000000000e+00 -7.963667000000000051e+00 1.799108483297912620e-01 9.836829197730612151e-01 0.000000000000000000e+00 -1.872088799999999997e+00 0.000000000000000000e+00 0.000000000000000000e+00 1.000000000000000000e+00 0.000000000000000000e+00
9.788037926595521965e-01 -2.048002330938038518e-01 0.000000000000000000e+00 -7.772142399999999895e+00 2.048002330938038518e-01 9.788037926595521965e-01 0.000000000000000000e+00 -2.442802200000000035e+00 0.000000000000000000e+00 0.000000000000000000e+00 1.000000000000000000e+00 0.000000000000000000e+00
9.902076832683909258e-01 -1.396020916614288676e-01 0.000000000000000000e+00 -7.819276000000000337e+00 1.396020916614288676e-01 9.902076832683909258e-01 0.000000000000000000e+00 -2.903451200000000121e+00 0.000000000000000000e+00 0.000000000000000000e+00 1.000000000000000000e+00 0.000000000000000000e+00
9.869247264377606355e-01 -1.611818362773900504e-01 0.000000000000000000e+00 -7.624036000000000257e+00 1.611818362773900504e-01 9.869247264377606355e-01 0.000000000000000000e+00 -3.186464500000000033e+00 0.000000000000000000e+00 0.000000000000000000e+00 1.000000000000000000e+00 0.000000000000000000e+00
9.532473992879072489e-01 -3.021909921735608240e-01 0.000000000000000000e+00 -7.792614000000000374e+00 3.021909921735608240e-01 9.532473992879072489e-01 0.000000000000000000e+00 -3.196162499999999795e+00 0.000000000000000000e+00 0.000000000000000000e+00 1.000000000000000000e+00 0.000000000000000000e+00
9.053411461175103758e-01 -4.246850705483214972e-01 0.000000000000000000e+00 -7.612720000000000375e+00 4.246850705483214972e-01 9.053411461175103758e-01 0.000000000000000000e+00 -3.411502800000000057e+00 0.000000000000000000e+00 0.000000000000000000e+00 1.000000000000000000e+00 0.000000000000000000e+00
8.347217648562129666e-01 -5.506719307131325847e-01 0.000000000000000000e+00 -7.315564600000000084e+00 5.506719307131325847e-01 8.347217648562129666e-01 0.000000000000000000e+00 -3.789333800000000085e+00 0.000000000000000000e+00 0.000000000000000000e+00 1.000000000000000000e+00 0.000000000000000000e+00
6.836381265577748945e-01 -7.298211506366308887e-01 0.000000000000000000e+00 -7.003135699999999630e+00 7.298211506366308887e-01 6.836381265577748945e-01 0.000000000000000000e+00 -4.045370000000000132e+00 0.000000000000000000e+00 0.000000000000000000e+00 1.000000000000000000e+00 0.000000000000000000e+00
5.363129116285972886e-01 -8.440192301247978479e-01 0.000000000000000000e+00 -6.683417999999999637e+00 8.440192301247978479e-01 5.363129116285972886e-01 0.000000000000000000e+00 -4.320620500000000419e+00 0.000000000000000000e+00 0.000000000000000000e+00 1.000000000000000000e+00 0.000000000000000000e+00
3.892694263369509411e-01 -9.211239404766879968e-01 0.000000000000000000e+00 -6.346112999999999893e+00 9.211239404766879968e-01 3.892694263369509411e-01 0.000000000000000000e+00 -4.409983999999999682e+00 0.000000000000000000e+00 0.000000000000000000e+00 1.000000000000000000e+00 0.000000000000000000e+00
2.083524391967482015e-01 -9.780538129779798862e-01 0.000000000000000000e+00 -6.063503299999999818e+00 9.780538129779798862e-01 2.083524391967482015e-01 0.000000000000000000e+00 -4.356023999999999674e+00 0.000000000000000000e+00 0.000000000000000000e+00 1.000000000000000000e+00 0.000000000000000000e+00
8.549263860428661654e-02 -9.963388021875273504e-01 0.000000000000000000e+00 -5.819666400000000017e+00 9.963388021875273504e-01 8.549263860428661654e-02 0.000000000000000000e+00 -4.337543000000000148e+00 0.000000000000000000e+00 0.000000000000000000e+00 1.000000000000000000e+00 0.000000000000000000e+00
-1.583682951993315990e-01 -9.873801107353020745e-01 0.000000000000000000e+00 -5.415112500000000217e+00 9.873801107353020745e-01 -1.583682951993315990e-01 0.000000000000000000e+00 -4.274714000000000347e+00 0.000000000000000000e+00 0.000000000000000000e+00 1.000000000000000000e+00 0.000000000000000000e+00
-3.505596169275401186e-01 -9.365404182306369396e-01 0.000000000000000000e+00 -4.919392600000000115e+00 9.365404182306369396e-01 -3.505596169275401186e-01 0.000000000000000000e+00 -4.199315499999999979e+00 0.000000000000000000e+00 0.000000000000000000e+00 1.000000000000000000e+00 0.000000000000000000e+00
4.269862729220654241e-01 9.042581062595587138e-01 0.000000000000000000e+00 -4.623409999999999798e+00 -9.042581062595587138e-01 4.269862729220654241e-01 0.000000000000000000e+00 -4.050589999999999691e+00 0.000000000000000000e+00 0.000000000000000000e+00 1.000000000000000000e+00 0.000000000000000000e+00
5.260073484635804375e-01 8.504800229060723860e-01 0.000000000000000000e+00 -4.190522699999999823e+00 -8.504800229060723860e-01 5.260073484635804375e-01 0.000000000000000000e+00 -3.744146600000000102e+00 0.000000000000000000e+00 0.000000000000000000e+00 1.000000000000000000e+00 0.000000000000000000e+00
5.837468802643893673e-01 8.119356992900316206e-01 0.000000000000000000e+00 -3.869076000000000182e+00 -8.119356992900316206e-01 5.837468802643893673e-01 0.000000000000000000e+00 -3.496303800000000184e+00 0.000000000000000000e+00 0.000000000000000000e+00 1.000000000000000000e+00 0.000000000000000000e+00
7.557867039796237751e-01 6.548178816187112394e-01 0.000000000000000000e+00 -3.617817899999999920e+00 -6.548178816187112394e-01 7.557867039796237751e-01 0.000000000000000000e+00 -3.404718900000000215e+00 0.000000000000000000e+00 0.000000000000000000e+00 1.000000000000000000e+00 0.000000000000000000e+00
8.715874503676789287e-01 4.902400599314266638e-01 0.000000000000000000e+00 -3.501328500000000066e+00 -4.902400599314266638e-01 8.715874503676789287e-01 0.000000000000000000e+00 -2.928547899999999871e+00 0.000000000000000000e+00 0.000000000000000000e+00 1.000000000000000000e+00 0.000000000000000000e+00
9.385716535086215950e-01 3.450844117460131200e-01 0.000000000000000000e+00 -3.339643999999999835e+00 -3.450844117460131200e-01 9.385716535086215950e-01 0.000000000000000000e+00 -2.464761000000000202e+00 0.000000000000000000e+00 0.000000000000000000e+00 1.000000000000000000e+00 0.000000000000000000e+00
9.832924584304882920e-01 1.820328025212117062e-01 0.000000000000000000e+00 -3.368411500000000114e+00 -1.820328025212117062e-01 9.832924584304882920e-01 0.000000000000000000e+00 -2.062768499999999783e+00 0.000000000000000000e+00 0.000000000000000000e+00 1.000000000000000000e+00 0.000000000000000000e+00
9.998964572754057700e-01 1.439009131634139474e-02 0.000000000000000000e+00 -3.190926300000000104e+00 -1.439009131634139474e-02 9.998964572754057700e-01 0.000000000000000000e+00 -1.625795600000000007e+00 0.000000000000000000e+00 0.000000000000000000e+00 1.000000000000000000e+00 0.000000000000000000e+00
9.999940279211309013e-01 3.456026920095118214e-03 0.000000000000000000e+00 -3.070551599999999937e+00 -3.456026920095118214e-03 9.999940279211309013e-01 0.000000000000000000e+00 -1.202784400000000087e+00 0.000000000000000000e+00 0.000000000000000000e+00 1.000000000000000000e+00 0.000000000000000000e+00
9.998635690471278092e-01 -1.651796877159717597e-02 0.000000000000000000e+00 -3.032195600000000102e+00 1.651796877159717597e-02 9.998635690471278092e-01 0.000000000000000000e+00 -6.259985999999999606e-01 0.000000000000000000e+00 0.000000000000000000e+00 1.000000000000000000e+00 0.000000000000000000e+00
-9.999954658998252421e-01 -3.011341858956800930e-03 0.000000000000000000e+00 -3.062886000000000220e+00 3.011341858956800930e-03 -9.999954658998252421e-01 0.000000000000000000e+00 -7.794747400000000548e-01 0.000000000000000000e+00 0.000000000000000000e+00 1.000000000000000000e+00 0.000000000000000000e+00
9.862307963191855320e-01 -1.653747755603170722e-01 0.000000000000000000e+00 -3.201438000000000006e+00 1.653747755603170722e-01 9.862307963191855320e-01 0.000000000000000000e+00 -4.380932500000000313e-02 0.000000000000000000e+00 0.000000000000000000e+00 1.000000000000000000e+00 0.000000000000000000e+00
9.400241234911144161e-01 -3.411079700839048101e-01 0.000000000000000000e+00 -3.346628200000000053e+00 3.411079700839048101e-01 9.400241234911144161e-01 0.000000000000000000e+00 3.882440999999999809e-01 0.000000000000000000e+00 0.000000000000000000e+00 1.000000000000000000e+00 0.000000000000000000e+00
9.043133590856815562e-01 -4.268692406102495562e-01 0.000000000000000000e+00 -3.443304499999999990e+00 4.268692406102495562e-01 9.043133590856815562e-01 0.000000000000000000e+00 9.536127399999999588e-01 0.000000000000000000e+00 0.000000000000000000e+00 1.000000000000000000e+00 0.000000000000000000e+00
8.571272080250913472e-01 -5.151047944478014395e-01 0.000000000000000000e+00 -3.600279299999999960e+00 5.151047944478014395e-01 8.571272080250913472e-01 0.000000000000000000e+00 1.488813600000000070e+00 0.000000000000000000e+00 0.000000000000000000e+00 1.000000000000000000e+00 0.000000000000000000e+00
8.282454504376139948e-01 -5.603654823678863028e-01 0.000000000000000000e+00 -3.925352300000000128e+00 5.603654823678863028e-01 8.282454504376139948e-01 0.000000000000000000e+00 1.871137000000000050e+00 0.000000000000000000e+00 0.000000000000000000e+00 1.000000000000000000e+00 0.000000000000000000e+00
8.159587727239496768e-01 -5.781100943720199892e-01 0.000000000000000000e+00 -4.181276300000000390e+00 5.781100943720199892e-01 8.159587727239496768e-01 0.000000000000000000e+00 2.179074299999999909e+00 0.000000000000000000e+00 0.000000000000000000e+00 1.000000000000000000e+00 0.000000000000000000e+00
7.450454777346646740e-01 -6.670136701051375683e-01 0.000000000000000000e+00 -4.336928000000000338e+00 6.670136701051375683e-01 7.450454777346646740e-01 0.000000000000000000e+00 2.772551299999999941e+00 0.000000000000000000e+00 0.000000000000000000e+00 1.000000000000000000e+00 0.000000000000000000e+00
6.616341339529862031e-01 -7.498268285332834182e-01 0.000000000000000000e+00 -4.693256400000000106e+00 7.498268285332834182e-01 6.616341339529862031e-01 0.000000000000000000e+00 3.106104100000000034e+00 0.000000000000000000e+00 0.000000000000000000e+00 1.000000000000000000e+00 0.000000000000000000e+00
6.462969082399538934e-01 -7.630860412820278382e-01 0.000000000000000000e+00 -5.109333000000000347e+00 7.630860412820278382e-01 6.462969082399538934e-01 0.000000000000000000e+00 3.526855999999999991e+00 0.000000000000000000e+00 0.000000000000000000e+00 1.000000000000000000e+00 0.000000000000000000e+00
5.854046018363601167e-01 -8.107412979174137835e-01 0.000000000000000000e+00 -5.394472999999999629e+00 8.107412979174137835e-01 5.854046018363601167e-01 0.000000000000000000e+00 3.893161500000000164e+00 0.000000000000000000e+00 0.000000000000000000e+00 1.000000000000000000e+00 0.000000000000000000e+00
6.104405828074651597e-01 -7.920620524060487666e-01 0.000000000000000000e+00 -5.824430000000000440e+00 7.920620524060487666e-01 6.104405828074651597e-01 0.000000000000000000e+00 4.116751700000000014e+00 0.000000000000000000e+00 0.000000000000000000e+00 1.000000000000000000e+00 0.000000000000000000e+00
4.426591424993714941e-01 -8.966899595521972133e-01 0.000000000000000000e+00 -6.168021699999999719e+00 8.966899595521972133e-01 4.426591424993714941e-01 0.000000000000000000e+00 4.451238599999999934e+00 0.000000000000000000e+00 0.000000000000000000e+00 1.000000000000000000e+00 0.000000000000000000e+00
3.948448921128887568e-01 -9.187477951931972697e-01 0.000000000000000000e+00 -6.353137499999999882e+00 9.187477951931972697e-01 3.948448921128887568e-01 0.000000000000000000e+00 4.694518000000000413e+00 0.000000000000000000e+00 0.000000000000000000e+00 1.000000000000000000e+00 0.000000000000000000e+00
2.863479742208120959e-01 -9.581256899069333643e-01 0.000000000000000000e+00 -6.754449400000000381e+00 9.581256899069333643e-01 2.863479742208120959e-01 0.000000000000000000e+00 4.769457000000000058e+00 0.000000000000000000e+00 0.000000000000000000e+00 1.000000000000000000e+00 0.000000000000000000e+00
1.817543460895843510e-01 -9.833439671231768431e-01 0.000000000000000000e+00 -7.183595000000000397e+00 9.833439671231768431e-01 1.817543460895843510e-01 0.000000000000000000e+00 5.121699300000000399e+00 0.000000000000000000e+00 0.000000000000000000e+00 1.000000000000000000e+00 0.000000000000000000e+00
4.179783948584801789e-02 -9.991260884464558956e-01 0.000000000000000000e+00 -7.751115000000000421e+00 9.991260884464558956e-01 4.179783948584801789e-02 0.000000000000000000e+00 5.260562000000000182e+00 0.000000000000000000e+00 0.000000000000000000e+00 1.000000000000000000e+00 0.000000000000000000e+00
-6.695385553670095413e-02 -9.977560730102175146e-01 0.000000000000000000e+00 -8.135125000000000384e+00 9.977560730102175146e-01 -6.695385553670095413e-02 0.000000000000000000e+00 5.211226500000000428e+00 0.000000000000000000e+00 0.000000000000000000e+00 1.000000000000000000e+00 0.000000000000000000e+00
-4.847890641933889078e-01 -8.746311012298260135e-01 0.000000000000000000e+00 -8.666997999999999536e+00 8.746311012298260135e-01 -4.847890641933889078e-01 0.000000000000000000e+00 5.167522400000000182e+00 0.000000000000000000e+00 0.000000000000000000e+00 1.000000000000000000e+00 0.000000000000000000e+00
-6.003782301767647267e-01 -7.997161876127153457e-01 0.000000000000000000e+00 -9.017889999999999517e+00 7.997161876127153457e-01 -6.003782301767647267e-01 0.000000000000000000e+00 5.021085700000000429e+00 0.000000000000000000e+00 0.000000000000000000e+00 1.000000000000000000e+00 0.000000000000000000e+00
7.355883114593751992e-01 -6.774288420523185694e-01 0.000000000000000000e+00 -8.882123999999999242e+00 6.774288420523185694e-01 7.355883114593751992e-01 0.000000000000000000e+00 5.034228999999999843e+00 0.000000000000000000e+00 0.000000000000000000e+00 1.000000000000000000e+00 0.000000000000000000e+00
-9.243818613030918563e-01 -3.814684449516518305e-01 0.000000000000000000e+00 -9.061218000000000217e+00 3.814684449516518305e-01 -9.243818613030918563e-01 0.000000000000000000e+00 4.694442300000000401e+00 0.000000000000000000e+00 0.000000000000000000e+00 1.000000000000000000e+00 0.000000000000000000e+00
-9.996612895225591711e-01 -2.602510768650239184e-02 0.000000000000000000e+00 -9.216568999999999789e+00 2.602510768650239184e-02 -9.996612895225591711e-01 0.000000000000000000e+00 4.380277000000000420e+00 0.000000000000000000e+00 0.000000000000000000e+00 1.000000000000000000e+00 0.000000000000000000e+00
-9.488714752838618427e-01 3.156626734231139930e-01 0.000000000000000000e+00 -9.219699999999999562e+00 -3.156626734231139930e-01 -9.488714752838618427e-01 0.000000000000000000e+00 3.895493300000000048e+00 0.000000000000000000e+00 0.000000000000000000e+00 1.000000000000000000e+00 0.000000000000000000e+00
-7.410013052573948267e-01 6.715035856991660168e-01 0.000000000000000000e+00 -8.945693999999999591e+00 -6.715035856991660168e-01 -7.410013052573948267e-01 0.000000000000000000e+00 3.507032199999999822e+00 0.000000000000000000e+00 0.000000000000000000e+00 1.000000000000000000e+00 0.000000000000000000e+00
-4.852634739267077668e-01 8.743679779546957853e-01 0.000000000000000000e+00 -8.474894000000000815e+00 -8.743679779546957853e-01 -4.852634739267077668e-01 0.000000000000000000e+00 3.349057199999999845e+00 0.000000000000000000e+00 0.000000000000000000e+00 1.000000000000000000e+00 0.000000000000000000e+00
-2.964329655505577588e-01 9.550536618090639251e-01 0.000000000000000000e+00 -7.897793000000000063e+00 -9.550536618090639251e-01 -2.964329655505577588e-01 0.000000000000000000e+00 3.085037199999999924e+00 0.000000000000000000e+00 0.000000000000000000e+00 1.000000000000000000e+00 0.000000000000000000e+00
-3.222279439796908035e-02 9.994807109300239967e-01 0.000000000000000000e+00 -7.360018000000000171e+00 -9.994807109300239967e-01 -3.222279439796908035e-02 0.000000000000000000e+00 3.031643400000000099e+00 0.000000000000000000e+00 0.000000000000000000e+00 1.000000000000000000e+00 0.000000000000000000e+00
3.209611223780970968e-01 9.470923703218140366e-01 0.000000000000000000e+00 -7.076176600000000150e+00 -9.470923703218140366e-01 3.209611223780970968e-01 0.000000000000000000e+00 3.265331300000000159e+00 0.000000000000000000e+00 0.000000000000000000e+00 1.000000000000000000e+00 0.000000000000000000e+00
6.433369095789963632e-01 7.655831899756853076e-01 0.000000000000000000e+00 -6.723162699999999603e+00 -7.655831899756853076e-01 6.433369095789963632e-01 0.000000000000000000e+00 3.622656000000000098e+00 0.000000000000000000e+00 0.000000000000000000e+00 1.000000000000000000e+00 0.000000000000000000e+00
-8.858751241839982749e-01 -4.639237699794931391e-01 0.000000000000000000e+00 -6.373248600000000152e+00 4.639237699794931391e-01 -8.858751241839982749e-01 0.000000000000000000e+00 3.943741800000000186e+00 0.000000000000000000e+00 0.000000000000000000e+00 1.000000000000000000e+00 0.000000000000000000e+00
-9.775253184292257425e-01 -2.108180538517532010e-01 0.000000000000000000e+00 -6.249144600000000160e+00 2.108180538517532010e-01 -9.775253184292257425e-01 0.000000000000000000e+00 4.648067499999999797e+00 0.000000000000000000e+00 0.000000000000000000e+00 1.000000000000000000e+00 0.000000000000000000e+00
-9.860810697365630650e-01 1.662652215804481526e-01 0.000000000000000000e+00 -6.333285300000000007e+00 -1.662652215804481526e-01 -9.860810697365630650e-01 0.000000000000000000e+00 5.119378000000000206e+00 0.000000000000000000e+00 0.000000000000000000e+00 1.000000000000000000e+00 0.000000000000000000e+00
-8.861899208607790790e-01 4.633221602349342771e-01 0.000000000000000000e+00 -6.316364300000000043e+00 -4.633221602349342771e-01 -8.861899208607790790e-01 0.000000000000000000e+00 5.657894599999999663e+00 0.000000000000000000e+00 0.000000000000000000e+00 1.000000000000000000e+00 0.000000000000000000e+00
-6.955406226281640736e-01 7.184867725115235970e-01 0.000000000000000000e+00 -6.557678700000000305e+00 -7.184867725115235970e-01 -6.955406226281640736e-01 0.000000000000000000e+00 5.964654000000000345e+00 0.000000000000000000e+00 0.000000000000000000e+00 1.000000000000000000e+00 0.000000000000000000e+00
-3.334313494961686497e-01 9.427743819033076456e-01 0.000000000000000000e+00 -6.990465000000000373e+00 -9.427743819033076456e-01 -3.334313494961686497e-01 0.000000000000000000e+00 6.291512499999999619e+00 0.000000000000000000e+00 0.000000000000000000e+00 1.000000000000000000e+00 0.000000000000000000e+00
-1.442827255714409715e-02 9.998959070578380404e-01 0.000000000000000000e+00 -7.329695000000000071e+00 -9.998959070578380404e-01 -1.442827255714409715e-02 0.000000000000000000e+00 6.482085699999999839e+00 0.000000000000000000e+00 0.000000000000000000e+00 1.000000000000000000e+00 0.000000000000000000e+00
5.607284316336372809e-01 8.279997741290038293e-01 0.000000000000000000e+00 -7.744870699999999886e+00 -8.279997741290038293e-01 5.607284316336372809e-01 0.000000000000000000e+00 6.422053299999999965e+00 0.000000000000000000e+00 0.000000000000000000e+00 1.000000000000000000e+00 0.000000000000000000e+00
8.181166920578264445e-01 5.750522395194714864e-01 0.000000000000000000e+00 -8.097825000000000273e+00 -5.750522395194714864e-01 8.181166920578264445e-01 0.000000000000000000e+00 6.250016699999999759e+00 0.000000000000000000e+00 0.000000000000000000e+00 1.000000000000000000e+00 0.000000000000000000e+00
9.333397596807384566e-01 3.589942798974675719e-01 0.000000000000000000e+00 -8.209279999999999688e+00 -3.589942798974675719e-01 9.333397596807384566e-01 0.000000000000000000e+00 5.915559299999999965e+00 0.000000000000000000e+00 0.000000000000000000e+00 1.000000000000000000e+00 0.000000000000000000e+00
9.996162554120903154e-01 2.770093709444886379e-02 0.000000000000000000e+00 -8.188701999999999259e+00 -2.770093709444886379e-02 9.996162554120903154e-01 0.000000000000000000e+00 5.946511000000000102e+00 0.000000000000000000e+00 0.000000000000000000e+00 1.000000000000000000e+00 0.000000000000000000e+00
9.928187922533275866e-01 1.196279471889570428e-01 0.000000000000000000e+00 -8.197665999999999897e+00 -1.196279471889570428e-01 9.928187922533275866e-01 0.000000000000000000e+00 5.446464999999999890e+00 0.000000000000000000e+00 0.000000000000000000e+00 1.000000000000000000e+00 0.000000000000000000e+00
9.990641096871348825e-01 4.325395629364533340e-02 0.000000000000000000e+00 -8.283060000000000755e+00 -4.325395629364533340e-02 9.990641096871348825e-01 0.000000000000000000e+00 4.945250500000000216e+00 0.000000000000000000e+00 0.000000000000000000e+00 1.000000000000000000e+00 0.000000000000000000e+00
9.991538966119888343e-01 -4.112773863317959605e-02 0.000000000000000000e+00 -8.267780000000000129e+00 4.112773863317959605e-02 9.991538966119888343e-01 0.000000000000000000e+00 4.442690400000000039e+00 0.000000000000000000e+00 0.000000000000000000e+00 1.000000000000000000e+00 0.000000000000000000e+00
9.980726770880378185e-01 -6.205587200513174723e-02 0.000000000000000000e+00 -8.255055000000000476e+00 6.205587200513174723e-02 9.980726770880378185e-01 0.000000000000000000e+00 4.036499499999999685e+00 0.000000000000000000e+00 0.000000000000000000e+00 1.000000000000000000e+00 0.000000000000000000e+00
9.917539555221369652e-01 -1.281565125391419535e-01 0.000000000000000000e+00 -8.194430999999999798e+00 1.281565125391419535e-01 9.917539555221369652e-01 0.000000000000000000e+00 3.455175899999999967e+00 0.000000000000000000e+00 0.000000000000000000e+00 1.000000000000000000e+00 0.000000000000000000e+00
9.999826072506594610e-01 -5.897897606210542737e-03 0.000000000000000000e+00 -8.088284500000000321e+00 5.897897606210542737e-03 9.999826072506594610e-01 0.000000000000000000e+00 2.841640700000000130e+00 0.000000000000000000e+00 0.000000000000000000e+00 1.000000000000000000e+00 0.000000000000000000e+00
9.999922800395638633e-01 3.929358888470390124e-03 0.000000000000000000e+00 -8.023592999999999975e+00 -3.929358888470390124e-03 9.999922800395638633e-01 0.000000000000000000e+00 2.150926999999999811e+00 0.000000000000000000e+00 0.000000000000000000e+00 1.000000000000000000e+00 0.000000000000000000e+00
9.995502129242693767e-01 -2.998952889005883013e-02 0.000000000000000000e+00 -8.020282999999999163e+00 2.998952889005883013e-02 9.995502129242693767e-01 0.000000000000000000e+00 1.721335199999999954e+00 0.000000000000000000e+00 0.000000000000000000e+00 1.000000000000000000e+00 0.000000000000000000e+00
9.872028977298008545e-01 -1.594692406512442096e-01 0.000000000000000000e+00 -7.992877000000000010e+00 1.594692406512442096e-01 9.872028977298008545e-01 0.000000000000000000e+00 1.167588400000000082e+00 0.000000000000000000e+00 0.000000000000000000e+00 1.000000000000000000e+00 0.000000000000000000e+00
9.984075247893015037e-01 -5.641289253442210994e-02 0.000000000000000000e+00 -7.923242600000000024e+00 5.641289253442210994e-02 9.984075247893015037e-01 0.000000000000000000e+00 5.553626400000000185e-01 0.000000000000000000e+00 0.000000000000000000e+00 1.000000000000000000e+00 0.000000000000000000e+00
9.965334783869794766e-01 8.319270673531124760e-02 0.000000000000000000e+00 -7.854492999999999725e+00 -8.319270673531124760e-02 9.965334783869794766e-01 0.000000000000000000e+00 1.136956959999999989e-01 0.000000000000000000e+00 0.000000000000000000e+00 1.000000000000000000e+00 0.000000000000000000e+00
9.940108595818790693e-01 1.092813389069423879e-01 0.000000000000000000e+00 -7.970099000000000267e+00 -1.092813389069423879e-01 9.940108595818790693e-01 0.000000000000000000e+00 -4.332782600000000262e-01 0.000000000000000000e+00 0.000000000000000000e+00 1.000000000000000000e+00 0.000000000000000000e+00
9.999999203277606385e-01 -3.991797493988181685e-04 0.000000000000000000e+00 -7.994330999999999854e+00 3.991797493988181685e-04 9.999999203277606385e-01 0.000000000000000000e+00 -8.728732999999999631e-01 0.000000000000000000e+00 0.000000000000000000e+00 1.000000000000000000e+00 0.000000000000000000e+00
9.979560182221898224e-01 -6.390450448999972222e-02 0.000000000000000000e+00 -8.029263000000000261e+00 6.390450448999972222e-02 9.979560182221898224e-01 0.000000000000000000e+00 -1.515639299999999912e+00 0.000000000000000000e+00 0.000000000000000000e+00 1.000000000000000000e+00 0.000000000000000000e+00
9.650846824597175688e-01 -2.619380760439879441e-01 0.000000000000000000e+00 -8.204351000000000838e+00 2.619380760439879441e-01 9.650846824597175688e-01 0.000000000000000000e+00 -2.043778399999999884e+00 0.000000000000000000e+00 0.000000000000000000e+00 1.000000000000000000e+00 0.000000000000000000e+00
9.820948533791603596e-01 -1.883870987253785101e-01 0.000000000000000000e+00 -8.048106999999999900e+00 1.883870987253785101e-01 9.820948533791603596e-01 0.000000000000000000e+00 -2.551103400000000132e+00 0.000000000000000000e+00 0.000000000000000000e+00 1.000000000000000000e+00 0.000000000000000000e+00
9.998080104535919110e-01 -1.959444392755802997e-02 0.000000000000000000e+00 -7.924191500000000055e+00 1.959444392755802997e-02 9.998080104535919110e-01 0.000000000000000000e+00 -3.079976799999999848e+00 0.000000000000000000e+00 0.000000000000000000e+00 1.000000000000000000e+00 0.000000000000000000e+00
9.900063926248811041e-01 -1.410224895606007334e-01 0.000000000000000000e+00 -7.898254399999999897e+00 1.410224895606007334e-01 9.900063926248811041e-01 0.000000000000000000e+00 -3.775051400000000168e+00 0.000000000000000000e+00 0.000000000000000000e+00 1.000000000000000000e+00 0.000000000000000000e+00
9.843284998146716314e-01 -1.763445617324161940e-01 0.000000000000000000e+00 -7.647180999999999784e+00 1.763445617324161940e-01 9.843284998146716314e-01 0.000000000000000000e+00 -4.161206199999999633e+00 0.000000000000000000e+00 0.000000000000000000e+00 1.000000000000000000e+00 0.000000000000000000e+00
9.522812078024828208e-01 -3.052220523917701378e-01 0.000000000000000000e+00 -7.708930500000000130e+00 3.052220523917701378e-01 9.522812078024828208e-01 0.000000000000000000e+00 -4.170222299999999827e+00 0.000000000000000000e+00 0.000000000000000000e+00 1.000000000000000000e+00 0.000000000000000000e+00
9.155604299449047190e-01 -4.021804310494249690e-01 0.000000000000000000e+00 -7.489906000000000397e+00 4.021804310494249690e-01 9.155604299449047190e-01 0.000000000000000000e+00 -4.592564999999999564e+00 0.000000000000000000e+00 0.000000000000000000e+00 1.000000000000000000e+00 0.000000000000000000e+00
8.385281996137730065e-01 -5.448582003168204180e-01 0.000000000000000000e+00 -7.150487000000000037e+00 5.448582003168204180e-01 8.385281996137730065e-01 0.000000000000000000e+00 -4.812896699999999583e+00 0.000000000000000000e+00 0.000000000000000000e+00 1.000000000000000000e+00 0.000000000000000000e+00
7.113559006709269106e-01 -7.028319732202387149e-01 0.000000000000000000e+00 -6.760999700000000168e+00 7.028319732202387149e-01 7.113559006709269106e-01 0.000000000000000000e+00 -5.053617499999999652e+00 0.000000000000000000e+00 0.000000000000000000e+00 1.000000000000000000e+00 0.000000000000000000e+00
5.364793417916736695e-01 -8.439134528082677944e-01 0.000000000000000000e+00 -6.386708999999999747e+00 8.439134528082677944e-01 5.364793417916736695e-01 0.000000000000000000e+00 -5.369833999999999996e+00 0.000000000000000000e+00 0.000000000000000000e+00 1.000000000000000000e+00 0.000000000000000000e+00
3.715242335883213731e-01 -9.284232568481954884e-01 0.000000000000000000e+00 -6.031571999999999711e+00 9.284232568481954884e-01 3.715242335883213731e-01 0.000000000000000000e+00 -5.363130599999999859e+00 0.000000000000000000e+00 0.000000000000000000e+00 1.000000000000000000e+00 0.000000000000000000e+00
2.147724401167490083e-01 -9.766641177837431798e-01 0.000000000000000000e+00 -5.668373599999999790e+00 9.766641177837431798e-01 2.147724401167490083e-01 0.000000000000000000e+00 -5.400635000000000296e+00 0.000000000000000000e+00 0.000000000000000000e+00 1.000000000000000000e+00 0.000000000000000000e+00
2.722026423055193267e-02 -9.996294599576479589e-01 0.000000000000000000e+00 -5.363250700000000037e+00 9.996294599576479589e-01 2.722026423055193267e-02 0.000000000000000000e+00 -5.446715400000000429e+00 0.000000000000000000e+00 0.000000000000000000e+00 1.000000000000000000e+00 0.000000000000000000e+00
-1.658772051606482445e-01 -9.861464155023290656e-01 0.000000000000000000e+00 -4.918484699999999599e+00 9.861464155023290656e-01 -1.658772051606482445e-01 0.000000000000000000e+00 -5.318280699999999861e+00 0.000000000000000000e+00 0.000000000000000000e+00 1.000000000000000000e+00 0.000000000000000000e+00
-2.903740177868599504e-01 -9.569132300236612432e-01 0.000000000000000000e+00 -4.565973999999999755e+00 9.569132300236612432e-01 -2.903740177868599504e-01 0.000000000000000000e+00 -5.273391199999999834e+00 0.000000000000000000e+00 0.000000000000000000e+00 1.000000000000000000e+00 0.000000000000000000e+00
4.273356463700456742e-01 9.040930512626978999e-01 0.000000000000000000e+00 -4.125942700000000407e+00 -9.040930512626978999e-01 4.273356463700456742e-01 0.000000000000000000e+00 -5.086140000000000327e+00 0.000000000000000000e+00 0.000000000000000000e+00 1.000000000000000000e+00 0.000000000000000000e+00
5.172111843371455242e-01 8.558578099173759224e-01 0.000000000000000000e+00 -3.818226300000000073e+00 -8.558578099173759224e-01 5.172111843371455242e-01 0.000000000000000000e+00 -4.843002000000000251e+00 0.000000000000000000e+00 0.000000000000000000e+00 1.000000000000000000e+00 0.000000000000000000e+00
5.826440181158957232e-01 8.127274747132422483e-01 0.000000000000000000e+00 -3.455342499999999983e+00 -8.127274747132422483e-01 5.826440181158957232e-01 0.000000000000000000e+00 -4.557549500000000364e+00 0.000000000000000000e+00 0.000000000000000000e+00 1.000000000000000000e+00 0.000000000000000000e+00
6.984628045730651991e-01 7.156463586352747042e-01 0.000000000000000000e+00 -3.030411200000000083e+00 -7.156463586352747042e-01 6.984628045730651991e-01 0.000000000000000000e+00 -4.148335499999999954e+00 0.000000000000000000e+00 0.000000000000000000e+00 1.000000000000000000e+00 0.000000000000000000e+00
8.639427888245955200e-01 5.035899697551375898e-01 0.000000000000000000e+00 -2.943734399999999862e+00 -5.035899697551375898e-01 8.639427888245955200e-01 0.000000000000000000e+00 -3.895497300000000163e+00 0.000000000000000000e+00 0.000000000000000000e+00 1.000000000000000000e+00 0.000000000000000000e+00
9.283308548913238312e-01 3.717550589524558080e-01 0.000000000000000000e+00 -2.815414699999999826e+00 -3.717550589524558080e-01 9.283308548913238312e-01 0.000000000000000000e+00 -3.542261599999999788e+00 0.000000000000000000e+00 0.000000000000000000e+00 1.000000000000000000e+00 0.000000000000000000e+00
9.832749113633310056e-01 1.821275615699985417e-01 0.000000000000000000e+00 -2.812391299999999816e+00 -1.821275615699985417e-01 9.832749113633310056e-01 0.000000000000000000e+00 -2.956519099999999955e+00 0.000000000000000000e+00 0.000000000000000000e+00 1.000000000000000000e+00 0.000000000000000000e+00
9.943595406856583496e-01 1.060617925900109726e-01 0.000000000000000000e+00 -2.716142000000000056e+00 -1.060617925900109726e-01 9.943595406856583496e-01 0.000000000000000000e+00 -2.361528999999999989e+00 0.000000000000000000e+00 0.000000000000000000e+00 1.000000000000000000e+00 0.000000000000000000e+00
9.999982017633225473e-01 1.896436163252160747e-03 0.000000000000000000e+00 -2.641801599999999972e+00 -1.896436163252160747e-03 9.999982017633225473e-01 0.000000000000000000e+00 -2.108500199999999936e+00 0.000000000000000000e+00 0.000000000000000000e+00 1.000000000000000000e+00 0.000000000000000000e+00
-9.928858873733250601e-01 1.190697890099951944e-01 0.000000000000000000e+00 -2.835945600000000066e+00 -1.190697890099951944e-01 -9.928858873733250601e-01 0.000000000000000000e+00 -1.598754900000000090e+00 0.000000000000000000e+00 0.000000000000000000e+00 1.000000000000000000e+00 0.000000000000000000e+00
